[162, 36, 39, 34, 99, 119, 204, 134]
[181, 53, 166, 64, 142, 227, 253, 78, 34, 180, 97, 78, 157, 203, 192, 223, 134, 45, 24, 73, 68, 193, 161, 70, 252, 221, 216, 123, 29, 90, 52, 119]
[7, 204, 121, 246, 238, 220, 110, 83, 227, 54, 128, 84, 86, 244, 57]
[19330192255920332270214522902578595004, 19332828373447059371620026190651753492, 2364523860493659919402183616979752980, 10569820912332279190995830652673330393, 19661691339023904289917838027694286720, 19668770761138399609497502823658931278, 16693703977091296433606844795880446101, 13850403271657865374175966189506353076, 10600228023478333829210865040589637182, 15632488410523540659590745438099214378, 17422769488473895502671384580442451341, 20565759456289023616222432038185572290, 738421494373158854044071622452342093, 11353625894153615488598910087628657347, 3857952518058917371323314647757563267, 18838409345744215998252588027804745228, 2007505782713150269]
[1012264535757217443627057533480605025, 5126812502402882822752979747131822789, 17936728719329689394712253245842781493, 2751973526350956511497070671753559027, 11734696181104592381869567242734982721, 9970778582760121586213193817082333435, 7522763586652545181673631517417873032, 17927320161964837336690713489077470441, 17392900038217410308160449538030951102, 4666407022536327893217035660808465153, 17721584936819236656891523480260322960, 13295184425827138927110529249025724531, 18091197419102622099180310980439074540, 11876750820321484560131932120391206801, 17048312732623350440089155400459190700, 7702786528345351367662557648132020518, 7243704425427722084]
[13843039734828434838673708086974034652, 7650617979789328771541688881217684284, 7707602491367111246775022384098011647, 18924345653751529683245689235870966783, 17220105977609393314809952221496183277, 16885344369242052987060456550169806753, 1545159036208381795415041928430991903, 6832347758048200833931159469578284960, 6511365978822133914931216539126109010, 459879321253616558162839997676704952, 16001287191228376841473826271199998655, 6208864152250949631601302084867598189, 6608096019195956144702725010227577574, 10522800772891741317402274968509248344, 14883868436932722676194065025737815860, 5401441860405263011492326627747424372, 9697303536601193175]
[4183674567561791620202100709350807158, 13754697480742459820639382464476482621, 10532499824700373027301790903187860022, 13109755246960197692368210876722072146, 15965631188083906421175924000021276531, 2333586262118698498765059579345311016, 2620314528591287942667711020814421732, 2127765322124915814915913782465359256, 6146393828115254539138881228407225019, 10691427671619278691597613089768734263, 5495745627257350076182495461550128710, 17538624344751809520369252310740657193, 20271934130583749154406823326934433347, 5566039511649981889173256964198996600, 13130928519277393052674271500759090462, 20673874456178795210130984896581559105, 6729036413260727923]
[153, 221, 127, 193, 173, 88, 77, 155]
[110, 196, 155, 211, 51, 192, 24, 174, 83, 65, 151, 46, 126, 199, 144, 122, 25, 81, 15, 28, 35, 23, 9, 158, 72, 249, 222, 75, 167, 201, 222, 35]
1
27406356745804726675415141052936679014019687075925114861186514419222993234307
[82, 156, 185, 115, 117, 246, 74, 67, 248, 180, 66, 143, 27, 5, 22, 122, 67, 120, 167, 227, 51, 197, 1, 150, 176, 87, 105, 173, 100, 36, 169, 195]
51646084557668351395159266912719770923305942818431122037854470191559141759745
