9605825660161419969
[0, 1, 0, 0, 0, 0, 0, 1]
[40765982939863474641459992656048786035606014456340540533449087160658381629990, 18720861794204883862928410824781285825012249662080488875720323405580704756790, 50750111978884158638877684977051368221062578551369004291424825949748780492961, 11272882386744716549856949851868563851119408114545320971315946995820353609270, 34474140172661753712907311251238991356127465756668098701324998073114388204812, 19163051023373088240629255989370071311761769573877966192497356025606626308600, 20878786994020808723914315452221351069858309310259593376643430100522118346880, 11757187061699067887460434920520209878008211893218534013263089719090838333384]
9773134475938220411
[1, 1, 0, 0, 0, 0, 0, 1]
[11907336535028482420740002098547058920162822223237130121608028676499335194802, 18720861794204883862928410824781285825012249662080488875720323405580704756790, 50750111978884158638877684977051368221062578551369004291424825949748780492961, 11272882386744716549856949851868563851119408114545320971315946995820353609270, 34474140172661753712907311251238991356127465756668098701324998073114388204812, 19163051023373088240629255989370071311761769573877966192497356025606626308600, 20878786994020808723914315452221351069858309310259593376643430100522118346880, 11757187061699067887460434920520209878008211893218534013263089719090838333384]
266485815565885349018606177825299632010425477441084886786642992168211276821
[162, 36, 39, 34, 99, 119, 204, 134]
[0, 1, 1, 1, 1, 0, 1, 1, 1, 1, 0, 1, 0, 0, 1, 0, 0, 0, 0, 0, 0, 0]
[24266149713909525505311051812301345846575455218529474812534621433186572632214, 40490518462656322940722192683241393602936411348025592723598618475659583516904, 24148907232017975166967609409151920453235070811446665345197813726245255921896, 17521036522759024271440604695365932734451267059025942010412733674155105582271, 37194994947409874379108239948264770475668736710454631126273433904301939264448, 13645039514186692850107088404599726646526284624989742034194923548121649193196, 50796551385916704949466683739701851203986210346534414074307447953259594414390, 5773296976779160695651342318234186897734128783775357421074497916712537884056, 37148486399952923803477181569017723793796605198890866080420885785541518325733, 49748537364993262235929379186815686681867376495351557897874505847272600298665, 38849048777912393292460668358558986999240606390226963364055466901943878485829, 29374560844149182722256657733956106377277421777120527728373562919265810297757, 13935836811552846597911118774855396669792704937776450479169979228925017032539, 34625954388424849858467720061469448208574560916422107740791490299059426388954, 43704101469876059680913955713225557258188326519561687649430926722733003323218, 39602440006292963013079682395224757230615757083369911326023952263076296342699, 3219080238043182374643745295887063664224347277226610895098261600795661189372, 12306198738724733210607028141382133115319542943515312286960649866840197208595, 5702365917460198835531665174038931792406073460027260668437233446792018924240, 24297873739853944981591777189513664686395210234796070116449691410068235478269, 20170216475299555157058010947821135640538393035290900403893650930778724842975, 22824928075652652148895630979648993640331239560598797487865104770076202193053]
6748604852306064566895478138965298479445058580379992083478863287200717639610
