9683879411823421508
[1, 1, 0, 1, 0, 0, 0, 1]
[13537480964082239547457712541103239743289024033356476552283265297086234953050, 17023791033519639735127897313401493325932451674150391054334763257020361426071, 39354484365248290606477879376011891534419334274681741225744530520714999029800, 41247771170250702679482433494546746883495500127759539325117515255831596188459, 30221954051685172226045931109687795563954606463502026029045307130628775644637, 30322956219867172900870222522152293306533685652473676578870666410971623569853, 23204520611887304879860873368927990515001323481221255198455197545074066939899, 15765041297623627596957429476730319279817467585527643270010136900723677066070]
9753991222821070390
[0, 0, 1, 1, 0, 0, 0, 1]
[16839828693743408615227680630582325351261094473499438171098055249421843418164, 11949740233955064287744110625212366425442299413493399228876175715781596646415, 29015654025419490167920251224342601522020671370694507944066374823613501639981, 41247771170250702679482433494546746883495500127759539325117515255831596188459, 30221954051685172226045931109687795563954606463502026029045307130628775644637, 30322956219867172900870222522152293306533685652473676578870666410971623569853, 23204520611887304879860873368927990515001323481221255198455197545074066939899, 15765041297623627596957429476730319279817467585527643270010136900723677066070]
19234332788716475146161465605910380779756936329251490673022311649760678683772
[162, 36, 39, 34, 99, 119, 204, 134]
[0, 1, 1, 1, 0, 1, 1, 0, 1, 0, 1, 0, 0, 0, 1, 0, 1, 0, 1, 0, 1, 0]
[6357828317647458981421674117104940396626153997380301889042677829145691322986, 4657957646380630161410649737291397786768716926443300449388255407558212131816, 32427309971628065516365912197675512828768387722037032785980814024597569096263, 40895639805033277086139759134623070812796181943812585832933141557752747533426, 19416069037644826149178639566180826975281124038598744351233327161127947500817, 47324968465826391968201245784216399385294309825841020409193996073988724982274, 51623717015553159857086201400738446757331074454648571782902303997520638446184, 7442304472393134562327058352909743151768007593065684979449751335502211646549, 9137802978325204056098011811211353295771673190719473937318371458614755206068, 46922080503194382926196675879327248938772219066707747877695462466048725818046, 30014861930790160242216267131646133763722013948488690655257398655391482995468, 2775751051443640200955597859335801477328976696789322173284743134784247315089, 39407675408878954752889237985103578600304693875666634270844524524041565632450, 40447078248864692963863070430756661645267370335793303918205233097543559122530, 6863080935950993518900840692162908731450806698114283717097115968464923009139, 41772277401197049956917798655155158643388996600460941106578772375162898719103, 2146465306190924099748825342900492653227353983784459096381547797916893263979, 34456007139336360377855520639909124918062749614032593131114370191461831039220, 960341861234454159801475428824717635500184906972497658297861998366473783304, 45577135926965014600528372542656099756150298188954376853856852852766719597761, 11320236227938753508892309033468442329283758999204320772217476277565986704020, 15091587363775467739895988429322741743020841518770974993924289318911575015642]
2112742626212658304251652787830281804099558408344130455301847826301773876438
